{
  "locations": [
    [
      16.4637,
      107.5905
    ],
    [
      16.4629,
      107.5893
    ],
    [
      16.4638,
      107.5902
    ],
    [
      16.4618,
      107.5888
    ],
    [
      16.4655,
      107.5875
    ],
    [
      16.467,
      107.589
    ],
    [
      16.462,
      107.587
    ],
    [
      16.476,
      107.572
    ],
    [
      16.4555,
      107.587
    ],
    [
      16.464,
      107.591
    ],
    [
      16.464,
      107.5898
    ],
    [
      16.4635,
      107.5882
    ],
    [
      16.4687,
      107.5851
    ],
    [
      16.4672,
      107.583
    ],
    [
      16.4691,
      107.5801
    ],
    [
      16.4712,
      107.5798
    ],
    [
      16.4698,
      107.5786
    ],
    [
      16.459,
      107.577
    ],
    [
      16.4365,
      107.5878
    ],
    [
      16.44,
      107.575
    ],
    [
      16.4538,
      107.5466
    ],
    [
      16.4635,
      107.5895
    ],
    [
      16.465,
      107.5905
    ],
    [
      16.4655,
      107.592
    ],
    [
      16.466,
      107.588
    ],
    [
      16.4645,
      107.5865
    ],
    [
      16.468,
      107.587
    ],
    [
      16.4658,
      107.585
    ],
    [
      16.4615,
      107.5845
    ],
    [
      16.459,
      107.585
    ],
    [
      16.458,
      107.582
    ],
    [
      16.4685,
      107.581
    ],
    [
      16.463,
      107.5795
    ],
    [
      16.4725,
      107.584
    ],
    [
      16.4685,
      107.58
    ],
    [
      16.475,
      107.589
    ],
    [
      16.451,
      107.592
    ],
    [
      16.4698,
      107.5786
    ],
    [
      16.4645,
      107.576
    ],
    [
      16.4575,
      107.5668
    ],
    [
      16.39,
      107.55
    ],
    [
      16.5437,
      107.6312
    ],
    [
      16.43,
      107.568
    ],
    [
      16.4372,
      107.5585
    ],
    [
      16.4522,
      107.5472
    ],
    [
      16.415,
      107.595
    ],
    [
      16.433,
      107.545
    ],
    [
      16.4315,
      107.6352
    ],
    [
      16.4062,
      107.5994
    ],
    [
      16.52,
      107.61
    ],
    [
      16.4261,
      107.5425
    ]
  ],
  "demands": [
    0,
    45,
    30,
    45,
    30,
    40,
    45,
    45,
    30,
    120,
    60,
    45,
    60,
    30,
    30,
    60,
    120,
    120,
    150,
    45,
    60,
    240,
    40,
    90,
    40,
    35,
    30,
    40,
    45,
    45,
    40,
    30,
    60,
    45,
    45,
    60,
    30,
    90,
    90,
    90,
    60,
    180,
    90,
    60,
    60,
    60,
    60,
    45,
    90,
    120,
    60
  ],
  "time_windows": [
    [
      480,
      1260
    ],
    [
      360,
      1260
    ],
    [
      540,
      1320
    ],
    [
      360,
      1260
    ],
    [
      360,
      1200
    ],
    [
      360,
      1200
    ],
    [
      600,
      1260
    ],
    [
      300,
      1020
    ],
    [
      0,
      1440
    ],
    [
      540,
      1260
    ],
    [
      1080,
      1380
    ],
    [
      420,
      1320
    ],
    [
      300,
      1140
    ],
    [
      0,
      1440
    ],
    [
      0,
      1440
    ],
    [
      420,
      1020
    ],
    [
      420,
      1020
    ],
    [
      480,
      1020
    ],
    [
      360,
      1080
    ],
    [
      480,
      1080
    ],
    [
      360,
      1080
    ],
    [
      480,
      1020
    ],
    [
      480,
      1380
    ],
    [
      540,
      1260
    ],
    [
      1020,
      1380
    ],
    [
      540,
      1260
    ],
    [
      0,
      1440
    ],
    [
      600,
      1200
    ],
    [
      420,
      1020
    ],
    [
      420,
      1020
    ],
    [
      480,
      1020
    ],
    [
      420,
      1380
    ],
    [
      420,
      1020
    ],
    [
      0,
      1440
    ],
    [
      480,
      1020
    ],
    [
      420,
      1020
    ],
    [
      0,
      1440
    ],
    [
      1080,
      1320
    ],
    [
      600,
      1260
    ],
    [
      420,
      1020
    ],
    [
      0,
      1440
    ],
    [
      360,
      1080
    ],
    [
      360,
      1080
    ],
    [
      420,
      1020
    ],
    [
      480,
      1020
    ],
    [
      360,
      1080
    ],
    [
      420,
      1020
    ],
    [
      420,
      1080
    ],
    [
      420,
      1020
    ],
    [
      300,
      1080
    ],
    [
      420,
      1020
    ]
  ],
  "vehicle_capacities": [
    600,
    600,
    600
  ],
  "vehicle_time_windows": [
    [
      480,
      1260
    ],
    [
      480,
      1260
    ],
    [
      480,
      1260
    ]
  ],
  "num_vehicles": 3,
  "starts": [
    0,
    0,
    0
  ],
  "ends": [
    0,
    0,
    0
  ],
  "service_time": 0,
  "coord_type": "latlon",
  "is_locked_list": [
    true,
    false,
    false,
    false,
    false,
    false,
    false,
    false,
    false,
    false,
    false,
    false,
    false,
    false,
    false,
    false,
    false,
    false,
    false,
    false,
    false,
    false,
    false,
    false,
    false,
    false,
    false,
    false,
    false,
    false,
    false,
    false,
    false,
    false,
    false,
    false,
    false,
    false,
    false,
    false,
    false,
    false,
    false,
    false,
    false,
    false,
    false,
    false,
    false,
    false,
    false
  ],
  "categories": [
    null,
    "restaurant",
    "restaurant",
    "restaurant",
    "restaurant",
    "restaurant",
    "restaurant",
    "market",
    "historical",
    "spa",
    "entertainment",
    "cafe",
    "market",
    "park",
    "landmark",
    "museum",
    "historical",
    "tour",
    "nature",
    "cultural",
    "temple",
    "tour",
    "cafe",
    "spa",
    "restaurant",
    "restaurant",
    "historical",
    "restaurant",
    "historical",
    "temple",
    "historical",
    "cafe",
    "museum",
    "nature",
    "museum",
    "museum",
    "landmark",
    "tour",
    "restaurant",
    "historical",
    "abandoned",
    "beach",
    "nature",
    "temple",
    "historical",
    "nature",
    "temple",
    "historical",
    "historical",
    "nature",
    "temple"
  ],
  "intensities": [
    null,
    "light",
    "light",
    "light",
    "light",
    "light",
    "light",
    "medium",
    "medium",
    "light",
    "medium",
    "light",
    "medium",
    "medium",
    "medium",
    "medium",
    "medium",
    "medium",
    "medium",
    "medium",
    "heavy",
    "medium",
    "light",
    "light",
    "light",
    "light",
    "medium",
    "light",
    "medium",
    "heavy",
    "medium",
    "light",
    "medium",
    "medium",
    "medium",
    "medium",
    "medium",
    "medium",
    "light",
    "medium",
    "medium",
    "medium",
    "medium",
    "heavy",
    "medium",
    "medium",
    "heavy",
    "medium",
    "medium",
    "medium",
    "heavy"
  ],
  "meal_assignments": {},
  "node_utilities": [
    0.0,
    0.44676623199074916,
    0.4379491977765766,
    0.4375824222931888,
    0.43743396051167316,
    0.4373995648912863,
    0.4373724486730611,
    0.4343993292915207,
    0.43052215394727156,
    0.4259056598229882,
    0.425877360230589,
    0.42563059675439474,
    0.4247993591724246,
    0.4246658582690683,
    0.42410832266580134,
    0.42388009503496793,
    0.4238417181553191,
    0.423702706562352,
    0.42144273434207047,
    0.4213337757288491,
    0.4187863168997461,
    0.4168366046587396,
    0.4167831698930431,
    0.4166156797561029,
    0.416445859253055,
    0.41634642025027646,
    0.4160901657793508,
    0.4160530947786597,
    0.41597251479950736,
    0.41582164989838544,
    0.4153409494263116,
    0.41528245083605936,
    0.4152366353680619,
    0.4152013104005388,
    0.41513944445864936,
    0.41510003656311556,
    0.4148681908732683,
    0.4148417181553191,
    0.41467683931546806,
    0.41307052003742306,
    0.41210431414586696,
    0.5482050404070687,
    0.4103254718724163,
    0.41023692135068873,
    0.4098131036637068,
    0.40884537319794945,
    0.5441343835344516,
    0.5440761943111067,
    0.5430724347241359,
    0.5428070199141503,
    0.5427811475719339
  ],
  "fatigue_costs": [
    0,
    1,
    1,
    1,
    1,
    1,
    1,
    2,
    1,
    2,
    2,
    1,
    2,
    1,
    1,
    2,
    4,
    4,
    5,
    2,
    3,
    8,
    1,
    2,
    1,
    1,
    1,
    1,
    2,
    2,
    1,
    1,
    2,
    2,
    2,
    2,
    1,
    3,
    2,
    3,
    2,
    6,
    3,
    3,
    2,
    2,
    3,
    2,
    3,
    4,
    3
  ],
  "max_fatigue_per_day": 10,
  "is_outdoor_list": [
    false,
    false,
    false,
    false,
    false,
    false,
    false,
    false,
    false,
    false,
    false,
    false,
    false,
    false,
    false,
    false,
    false,
    false,
    false,
    false,
    false,
    false,
    false,
    false,
    false,
    false,
    false,
    false,
    false,
    false,
    false,
    false,
    false,
    false,
    false,
    false,
    false,
    false,
    false,
    false,
    false,
    false,
    false,
    false,
    false,
    false,
    false,
    false,
    false,
    false,
    false
  ],
  "distance_matrix": [
    [
      0.0,
      0.15584533950055363,
      0.033868148948925966,
      0.2783851378741741,
      0.37735965888452516,
      0.40029007247577464,
      0.4183675512925987,
      2.400447138986204,
      0.9852307018189301,
      0.0628934513411652,
      0.08175984627402447,
      0.24626883040350409,
      0.8004272183836014,
      0.8894278206211405,
      1.2611182227990962,
      1.4132699766880121,
      1.4388545631205845,
      1.5315289584320098,
      3.038177105286359,
      3.1108161807672983,
      4.809122066835968,
      0.10893022750691203,
      0.14455340463797395,
      0.2562134959313912,
      0.36942716462999037,
      0.43571983314903373,
      0.6065561470994417,
      0.6312701475601795,
      0.6849901336617781,
      0.7855667344097046,
      1.1060337157922489,
      1.1450327759604493,
      1.1755764212921203,
      1.1991263996407975,
      1.2403703609004222,
      1.2666422912562891,
      1.4212060844877998,
      1.4388545631205845,
      1.5487737896879532,
      2.619653308384629,
      9.263790569422035,
      9.897479796465626,
      4.44968541838911,
      4.508719099540821,
      4.791264224195419,
      5.436417868033701,
      5.932808232774199,
      5.961902844446681,
      6.463782637932016,
      6.596490042924857,
      6.609426214033085
    ],
    [
      0.15584533950055363,
      0.0,
      0.13865715292315134,
      0.1334303538379046,
      0.3470234551006664,
      0.457020213553151,
      0.2648953952567021,
      2.3505163545995216,
      0.858618776623627,
      0.21868630407321002,
      0.13343023296350942,
      0.13494586916497148,
      0.785187397531496,
      0.8245806044444753,
      1.199049849180764,
      1.3703990986925727,
      1.3749615084419327,
      1.3814703691165768,
      2.9399012919832828,
      2.968090496955554,
      4.664552128738297,
      0.07004286525305897,
      0.26627263321564787,
      0.408017698656424,
      0.371534967677535,
      0.3475671538832248,
      0.6178578832485973,
      0.5605676849618113,
      0.5350054105038731,
      0.6311266298783818,
      0.9501890511303065,
      1.0821697310433271,
      1.0450947928270258,
      1.2078489480088592,
      1.170991245882967,
      1.3458388578003366,
      1.3541831763253667,
      1.3749615084419327,
      1.429372597003439,
      2.473343150735168,
      9.125704422520402,
      10.033811957048824,
      4.306178867928679,
      4.353757834875054,
      4.64449298768631,
      5.360815730057016,
      5.77696531161431,
      6.012634307668102,
      6.396110353455273,
      6.721888059186993,
      6.454057189106363
    ],
    [
      0.033868148948925966,
      0.13865715292315134,
      0.0,
      0.2678526197016244,
      0.34442440575092975,
      0.3781333197873258,
      0.3956039989399533,
      2.3678392850981904,
      0.9839834810150178,
      0.08815969614206812,
      0.048103662619029985,
      0.21586489427018576,
      0.7698210975840043,
      0.8558060744300816,
      1.2277042660606157,
      1.3809169388645433,
      1.4054096689677982,
      1.505403740782737,
      3.046392160722735,
      3.10341179894546,
      4.780558479932017,
      0.08175991657427314,
      0.13721519740265672,
      0.2693978861050611,
      0.33893840892957655,
      0.4021562614504786,
      0.5783986591429365,
      0.5974372630117069,
      0.6594405447175651,
      0.7696483365889755,
      1.0865347240027543,
      1.111558615358539,
      1.1444680211756606,
      1.1717269336449627,
      1.2067139091527228,
      1.2519396314677809,
      1.4361803319401854,
      1.4054096689677982,
      1.5162251501321768,
      2.5917861208570896,
      9.258767647300063,
      9.901564739150846,
      4.441918743091842,
      4.491866316857324,
      4.763438410762896,
      5.450405927832609,
      5.913102609731518,
      5.994169960954465,
      6.47954957428484,
      6.59610549284255,
      6.591742872539286
    ],
    [
      0.2783851378741741,
      0.1334303538379046,
      0.2678526197016244,
      0.0,
      0.43414834168005106,
      0.5786068041460769,
      0.19323037495702755,
      2.3879652412531267,
      0.7263498964598754,
      0.33894008400826114,
      0.26686058680072305,
      0.1995658810540484,
      0.8627480858748073,
      0.8620137386157245,
      1.232706589668018,
      1.4189968306498968,
      1.4051160211048026,
      1.2962705794811498,
      2.8152522443866395,
      2.8358128621068777,
      4.587249090881857,
      0.20323585861385327,
      0.3993412717012901,
      0.5345172405632289,
      0.47474626711807666,
      0.38767238224730044,
      0.7156300771485979,
      0.6016885358336695,
      0.4597509237795541,
      0.5110206152600222,
      0.8392651743562795,
      1.1166234977097096,
      1.0006566710182965,
      1.2952117226131024,
      1.1981683112774384,
      1.467927961094552,
      1.248448347986437,
      1.4051160211048026,
      1.3975712831687968,
      2.394266441952095,
      8.992571077695263,
      10.16707626486327,
      4.174186116325551,
      4.233640249318505,
      4.562829859480815,
      5.245763374153159,
      5.663400495376867,
      5.98645261625274,
      6.284950186534873,
      6.854934889294383,
      6.335574477913217
    ],
    [
      0.37735965888452516,
      0.3470234551006664,
      0.34442440575092975,
      0.43414834168005106,
      0.0,
      0.2310935987377519,
      0.39281753978747763,
      2.023585901612334,
      1.1132268715492724,
      0.4087976495151966,
      0.2966020095638581,
      0.2345828081762373,
      0.4382994701947344,
      0.515745648073431,
      0.8848196577978719,
      1.0372478966994603,
      1.062681976215743,
      1.3326990850244018,
      3.224811574695469,
      3.133184625111798,
      4.551397516294809,
      0.3081261308743779,
      0.3247003755473565,
      0.47985699118770103,
      0.0770312947657249,
      0.15406287508258834,
      0.28305416674631584,
      0.26866600551015596,
      0.5478778065116638,
      0.7703656903640678,
      1.0195482149972699,
      0.7692178381985464,
      0.8972347941757258,
      0.8632154901557507,
      0.8665377120425521,
      1.0683925429987686,
      1.6822236734659723,
      1.062681976215743,
      1.2313353324770089,
      2.379889996242932,
      9.299266301896136,
      9.86494012013247,
      4.4616967056240915,
      4.412126371570514,
      4.544877959456452,
      5.672025308387863,
      5.796732912539161,
      6.3379807072047845,
      6.7148877629792,
      6.517671749668976,
      6.498062199686719
    ],
    [
      0.40029007247577464,
      0.457020213553151,
      0.3781333197873258,
      0.5786068041460769,
      0.2310935987377519,
      0.0,
      0.5954764969652013,
      2.0706338464451526,
      1.2964051119166222,
      0.3959328249016743,
      0.34431997448929264,
      0.3984222341484751,
      0.4568167727116538,
      0.6401904270357741,
      0.9773432133256926,
      1.0865137243309537,
      1.1518622604615154,
      1.5584550195294868,
      3.3938587963850466,
      3.3529949066056464,
      4.75371016153488,
      0.3928174837940989,
      0.27393769887132136,
      0.3607740310183802,
      0.15406230397284465,
      0.38515647381625195,
      0.24051480119196333,
      0.4469215873827365,
      0.7773584311313678,
      0.9865376967851551,
      1.248481256302239,
      0.8692219222328512,
      1.1063755918231668,
      0.8113463753107616,
      0.9740889319676466,
      0.8895594131569804,
      1.8076530781550006,
      1.1518622604615154,
      1.413849652688188,
      2.5923252498352194,
      9.518922519996803,
      9.642586665119014,
      4.68425364561244,
      4.643203291471262,
      4.751563140501109,
      5.817435706818652,
      6.025854014363577,
      6.31323255579522,
      6.851033701587623,
      6.304324869822702,
      6.728661837132885
    ],
    [
      0.4183675512925987,
      0.2648953952567021,
      0.3956039989399533,
      0.19323037495702755,
      0.39281753978747763,
      0.5954764969652013,
      0.0,
      2.2319918200562205,
      0.722767023189516,
      0.48103838187574216,
      0.3723011940125183,
      0.2102246526899317,
      0.7720643256790307,
      0.7185183808193178,
      1.0791931897816098,
      1.2790548251023317,
      1.2468276180111424,
      1.117334938612104,
      2.8367538400799055,
      2.7607961841328996,
      4.40364860543966,
      0.3144685389259628,
      0.5005760866334007,
      0.6601082701820223,
      0.4573840426300463,
      0.28305434806621926,
      0.6671695598673817,
      0.47331322431852363,
      0.27232805885468103,
      0.3959357874684351,
      0.6943486827839723,
      0.9652715644053601,
      0.8074669075302802,
      1.2105794108804584,
      1.0390248132453728,
      1.4611814629124464,
      1.33430996510937,
      1.2468276180111424,
      1.2054873607104997,
      2.211441834076347,
      8.925795433727052,
      10.234094275062462,
      4.094729677478155,
      4.103919411972343,
      4.381911276366739,
      5.295348055907782,
      5.519107818732572,
      6.158292598932553,
      6.344051236058252,
      6.8997984665168115,
      6.201423121822137
    ],
    [
      2.400447138986204,
      2.3505163545995216,
      2.3678392850981904,
      2.3879652412531267,
      2.023585901612334,
      2.0706338464451526,
      2.2319918200562205,
      0.0,
      2.7847028858050855,
      2.425943310144933,
      2.320146750046163,
      2.217204959334966,
      1.6155907257808162,
      1.5275132025580043,
      1.1552756628188112,
      0.9882446568362467,
      0.985173608981334,
      1.9640659850779802,
      4.704289983939176,
      4.0157807314306115,
      3.6646673049619185,
      2.3268303449571937,
      2.321121574707647,
      2.431320340220695,
      2.036477775538246,
      2.0064435204761657,
      1.8301964761876137,
      1.7910820073097657,
      2.0919501803899188,
      2.3441299583671795,
      2.267844636611424,
      1.2714083950111177,
      1.652017244833518,
      1.3374374149611925,
      1.192973506261098,
      1.816106804171856,
      3.5037391762940735,
      0.985173608981334,
      1.3480012210102978,
      2.1305289320946095,
      9.84641332725508,
      9.823554469968709,
      5.132722767678036,
      4.54821768946738,
      3.741304704729303,
      7.212773544034751,
      5.581398629829871,
      8.361126035335,
      8.2932779277002,
      6.352284530675999,
      6.378428147760924
    ],
    [
      0.9852307018189301,
      0.858618776623627,
      0.9839834810150178,
      0.7263498964598754,
      1.1132268715492724,
      1.2964051119166222,
      0.722767023189516,
      2.7847028858050855,
      0.0,
      1.0369514442429124,
      0.9911989919645959,
      0.8987164189276492,
      1.48169106731151,
      1.369121763736371,
      1.6817533202159363,
      1.907135248890208,
      1.825031337636797,
      1.1351913897690802,
      2.1144255556782316,
      2.1466833624544375,
      4.312435460919844,
      0.9286490684835843,
      1.120348791383146,
      1.2331750931114642,
      1.1724064663894487,
      1.002173717318306,
      1.3899365830568977,
      1.1649961808328915,
      0.7184630105253725,
      0.4437912633122032,
      0.6013132147916,
      1.5808034112953306,
      1.155487978645469,
      1.9171923897578989,
      1.6268889790228953,
      2.17876424642437,
      0.7312237723670918,
      1.825031337636797,
      1.5419073247269823,
      2.1655739272333134,
      8.283703385555532,
      10.880806899390741,
      3.485080653362813,
      3.6576771441925637,
      4.260155978597553,
      4.5835066405754725,
      5.130523348921917,
      5.791838690749734,
      5.639181243587527,
      7.57974299543227,
      5.76284400339657
    ],
    [
      0.0628934513411652,
      0.21868630407321002,
      0.08815969614206812,
      0.33894008400826114,
      0.4087976495151966,
      0.3959328249016743,
      0.48103838187574216,
      2.425943310144933,
      1.0369514442429124,
      0.0,
      0.12796285440720104,
      0.30371256218478687,
      0.8178928128048523,
      0.9243125791094808,
      1.2932785914810367,
      1.4378154053440868,
      1.4711611103026816,
      1.5930836701632267,
      3.076843849158969,
      3.167526566987606,
      4.868700209619324,
      0.1693407447409212,
      0.12331703376596272,
      0.1979666346758107,
      0.38961104545221825,
      0.4830701598405121,
      0.6162499773143075,
      0.6703871059456209,
      0.7468033810264267,
      0.8476323801164464,
      1.1688493932755066,
      1.1779084954220853,
      1.2313447817689125,
      1.204360688097557,
      1.2752480374153519,
      1.2415972922544727,
      1.4494621818453246,
      1.4711611103026816,
      1.6004995689483243,
      2.679931038917971,
      9.318218795741625,
      9.844182460804337,
      4.506611827046627,
      4.570886819095451,
      4.851582342422001,
      5.465226176424292,
      5.995611304433581,
      5.939588224089224,
      6.489204587975345,
      6.548151548768703,
      6.671828264364558
    ],
    [
      0.08175984627402447,
      0.13343023296350942,
      0.048103662619029985,
      0.26686058680072305,
      0.2966020095638581,
      0.34431997448929264,
      0.3723011940125183,
      2.320146750046163,
      0.9911989919645959,
      0.12796285440720104,
      0.0,
      0.17944737722705015,
      0.7240930969767202,
      0.8077159204485755,
      1.179610725025957,
      1.3334321095590973,
      1.3573109332815223,
      1.4738416331628899,
      3.065289852586025,
      3.1004667261413177,
      4.7443483157228075,
      0.06414426181561887,
      0.13392594505261368,
      0.28784676980242097,
      0.29376772118086414,
      0.35626234031646736,
      0.5357024925196161,
      0.5495905850274859,
      0.6298391657289355,
      0.7557158345412015,
      1.0662827584545433,
      1.0634569426588358,
      1.103964898653091,
      1.1295269261191307,
      1.1586369645346413,
      1.2261153518889742,
      1.464448311159384,
      1.3573109332815223,
      1.4726208179510976,
      2.5569406383264264,
      9.25884615804175,
      9.90055227368864,
      4.438257389308439,
      4.474629467700608,
      4.728510977317016,
      5.476702167381101,
      5.89136263489269,
      6.0416505881299045,
      6.508107767159301,
      6.5888568132833365,
      6.573112410310574
    ],
    [
      0.24626883040350409,
      0.13494586916497148,
      0.21586489427018576,
      0.1995658810540484,
      0.2345828081762373,
      0.3984222341484751,
      0.2102246526899317,
      2.217204959334966,
      0.8987164189276492,
      0.30371256218478687,
      0.17944737722705015,
      0.0,
      0.666037246404552,
      0.6904634088571272,
      1.0647957120530656,
      1.2391135632246952,
      1.2404347522576602,
      1.2949200649601234,
      3.00256605061564,
      2.968123135699575,
      4.565407386471938,
      0.1386267831183889,
      0.2966025326200914,
      0.4622295619638486,
      0.27880421747270817,
      0.21266642348378673,
      0.5164799208429933,
      0.42643552960408243,
      0.452913945853963,
      0.6056578637299299,
      0.9006348051598747,
      0.9479331966766108,
      0.9293987186181899,
      1.096397965399452,
      1.0361900540752385,
      1.2815839346930298,
      1.4478034755318914,
      1.2404347522576602,
      1.3056990500569858,
      2.3775715663306487,
      9.13207224130009,
      10.02718542545122,
      4.303088217907598,
      4.310925914183062,
      4.54917098272927,
      5.4414969886533715,
      5.720724475806256,
      6.146889755553633,
      6.482472494808943,
      6.69869111006869,
      6.406870552437068
    ],
    [
      0.8004272183836014,
      0.785187397531496,
      0.7698210975840043,
      0.8627480858748073,
      0.4382994701947344,
      0.4568167727116538,
      0.7720643256790307,
      1.6155907257808162,
      1.48169106731151,
      0.8178928128048523,
      0.7240930969767202,
      0.666037246404552,
      0.0,
      0.2792213097616322,
      0.5350170978953169,
      0.6298203292116208,
      0.7038230891036326,
      1.3818183808695348,
      3.5920354347074155,
      3.3681521486221238,
      4.427234243502398,
      0.7446288797333249,
      0.7077013090994642,
      0.8172973036106025,
      0.4310036073605286,
      0.49029925953392894,
      0.21704057789348943,
      0.32264154944990736,
      0.8031559597544828,
      1.0786435003559949,
      1.2348553650718705,
      0.43776129758502674,
      0.8708098136744918,
      0.4385189231814933,
      0.5442837489815102,
      0.8146662479545062,
      2.1011949054117536,
      0.7038230891036326,
      1.0769067776469858,
      2.3149746043745565,
      9.518146633949062,
      9.680126632299531,
      4.673698049789535,
      4.507237905946093,
      4.4385190515483055,
      6.063792980635751,
      5.8348636335397766,
      6.75692844246276,
      7.115055891347692,
      6.29182548899246,
      6.5633636911948425
    ],
    [
      0.8894278206211405,
      0.8245806044444753,
      0.8558060744300816,
      0.8620137386157245,
      0.515745648073431,
      0.6401904270357741,
      0.7185183808193178,
      1.5275132025580043,
      1.369121763736371,
      0.9243125791094808,
      0.8077159204485755,
      0.6904634088571272,
      0.2792213097616322,
      0.0,
      0.3745165591636405,
      0.560592162794429,
      0.5511065920157052,
      1.1138861799326967,
      3.4518494807508278,
      3.1425221749507446,
      4.1577676393403245,
      0.8060352864505516,
      0.8363360623037648,
      0.9781491253222258,
      0.5496147381464831,
      0.4789885890760973,
      0.4357122941740896,
      0.2640408645032254,
      0.6536830570085091,
      0.9364088006677874,
      1.0285361843538119,
      0.25764040912379127,
      0.597830889511541,
      0.5989023331905792,
      0.35104443798414553,
      1.0777648341099075,
      2.041078560648505,
      0.5511065920157052,
      0.8045575036569544,
      2.0365804817554287,
      9.277771533028451,
      9.938093281817268,
      4.434991509282092,
      4.23724660262512,
      4.166097599824721,
      5.9437872418019815,
      5.557348585558998,
      6.837214615977075,
      7.004773761329981,
      6.538866520813319,
      6.288149533895748
    ],
    [
      1.2611182227990962,
      1.199049849180764,
      1.2277042660606157,
      1.232706589668018,
      0.8848196577978719,
      0.9773432133256926,
      1.0791931897816098,
      1.1552756628188112,
      1.6817533202159363,
      1.2932785914810367,
      1.179610725025957,
      1.0647957120530656,
      0.5350170978953169,
      0.3745165591636405,
      0.0,
      0.23569038051090832,
      0.17788259611290502,
      1.1707093462669516,
      3.716795761668123,
      3.2811607521604143,
      3.956766167359366,
      1.1800330515231647,
      1.199046151964696,
      1.3305858703031626,
      0.9102033178013647,
      0.8528650022752178,
      0.745866642348669,
      0.6384822238885439,
      0.9665948691519531,
      1.2386707429787727,
      1.2507825464044486,
      0.11688176884464863,
      0.6812999157720184,
      0.5620274738995754,
      0.06756373535811012,
      1.153706051349618,
      2.379287677687649,
      0.17788259611290502,
      0.6728839179145032,
      1.9170820165673503,
      9.363076594714924,
      9.924156958701326,
      4.535172005989193,
      4.229417944348759,
      3.9799585245772673,
      6.221983349497034,
      5.4885850940069325,
      7.211660423976468,
      7.290753424780631,
      6.4958694055547195,
      6.240227753059874
    ],
    [
      1.4132699766880121,
      1.3703990986925727,
      1.3809169388645433,
      1.4189968306498968,
      1.0372478966994603,
      1.0865137243309537,
      1.2790548251023317,
      0.9882446568362467,
      1.907135248890208,
      1.4378154053440868,
      1.3334321095590973,
      1.2391135632246952,
      0.6298203292116208,
      0.560592162794429,
      0.23569038051090832,
      0.0,
      0.20151289015770188,
      1.3890475714089672,
      3.9516547730617546,
      3.506840480471857,
      4.034523121443027,
      1.3427423148422515,
      1.3330847327797675,
      1.4471096106557326,
      1.0482807413655442,
      1.0322139921754774,
      0.8462022266968161,
      0.8173161125861769,
      1.189344885109555,
      1.4655296784698448,
      1.4864029800181746,
      0.3263576813134534,
      0.9123594097195976,
      0.47060277096855313,
      0.3009828100173526,
      1.068132269892325,
      2.5957022277525126,
      0.20151289015770188,
      0.8480726374972621,
      2.0597036927615053,
      9.572088578533599,
      9.74774929903241,
      4.750917636833103,
      4.410516293972005,
      4.0680011184671425,
      6.4559816308283615,
      5.640490704160349,
      7.375077934305927,
      7.523875752370332,
      6.309710654158037,
      6.400956093590399
    ],
    [
      1.4388545631205845,
      1.3749615084419327,
      1.4054096689677982,
      1.4051160211048026,
      1.062681976215743,
      1.1518622604615154,
      1.2468276180111424,
      0.985173608981334,
      1.825031337636797,
      1.4711611103026816,
      1.3573109332815223,
      1.2404347522576602,
      0.7038230891036326,
      0.5511065920157052,
      0.17788259611290502,
      0.20151289015770188,
      0.0,
      1.2129647175374327,
      3.830564649253123,
      3.3357739174100383,
      3.8483257662310555,
      1.3570968664460448,
      1.3766224458206322,
      1.506767211570134,
      1.0877762923799748,
      1.0280882689070983,
      0.9178071259121163,
      0.8146005512557931,
      1.1169607421075078,
      1.3812801038844595,
      1.361270612916425,
      0.29392205602610044,
      0.7621917063846142,
      0.6493803473156141,
      0.207802804848085,
      1.2506521031329052,
      2.532178177784314,
      0.0,
      0.6512911494252496,
      1.8584737944938825,
      9.383009373509287,
      9.948443033599816,
      4.567648767342763,
      4.211277914534139,
      3.878381077646794,
      6.339526376804178,
      5.439072972087483,
      7.3871740129369154,
      7.411753465567192,
      6.508955841132474,
      6.199474420949751
    ],
    [
      1.5315289584320098,
      1.3814703691165768,
      1.505403740782737,
      1.2962705794811498,
      1.3326990850244018,
      1.5584550195294868,
      1.117334938612104,
      1.9640659850779802,
      1.1351913897690802,
      1.5930836701632267,
      1.4738416331628899,
      1.2949200649601234,
      1.3818183808695348,
      1.1138861799326967,
      1.1707093462669516,
      1.3890475714089672,
      1.2129647175374327,
      0.0,
      2.754267395221273,
      2.123442494775946,
      3.293013794369585,
      1.4237885434461934,
      1.586680380877199,
      1.7552642944920414,
      1.407758766744557,
      1.183339679597277,
      1.4624064476411858,
      1.139953064222867,
      0.8467173597960537,
      0.8531076937177995,
      0.5446648653415661,
      1.1392183293149998,
      0.5185566804571753,
      1.6764764613490148,
      1.1037300264437384,
      2.1914977333820063,
      1.8303190483977496,
      1.2129647175374327,
      0.6207993784273284,
      1.1004303340043322,
      8.195086799793689,
      11.049624978853286,
      3.36446674682599,
      3.1254500757801074,
      3.266597448835202,
      5.255720064799752,
      4.472641146386768,
      6.919165767929143,
      6.338546335774723,
      7.641174798837291,
      5.188524686593231
    ],
    [
      3.038177105286359,
      2.9399012919832828,
      3.046392160722735,
      2.8152522443866395,
      3.224811574695469,
      3.3938587963850466,
      2.8367538400799055,
      4.704289983939176,
      2.1144255556782316,
      3.076843849158969,
      3.065289852586025,
      3.00256605061564,
      3.5920354347074155,
      3.4518494807508278,
      3.716795761668123,
      3.9516547730617546,
      3.830564649253123,
      2.754267395221273,
      0.0,
      1.4195107225268564,
      4.796473024398164,
      3.0077318160408715,
      3.182109265641699,
      3.255610628301542,
      3.2803196755377417,
      3.116543011500296,
      3.503679027735639,
      3.271666209282768,
      2.8020610392541903,
      2.51964238596019,
      2.4694119705263304,
      3.631379995157355,
      3.076737435027581,
      4.023476584629264,
      3.654170153285167,
      4.282916870423289,
      1.6733875653188883,
      3.830564649253123,
      3.3581487728683737,
      3.2354642056662914,
      6.556738225286343,
      12.786758917002295,
      2.231985796723179,
      3.125832803855228,
      4.668540097397105,
      2.5109992346820342,
      4.581257082347358,
      5.085794846699324,
      3.5891961002864083,
      9.581775245467847,
      4.967883152763988
    ],
    [
      3.1108161807672983,
      2.968090496955554,
      3.10341179894546,
      2.8358128621068777,
      3.133184625111798,
      3.3529949066056464,
      2.7607961841328996,
      4.0157807314306115,
      2.1466833624544375,
      3.167526566987606,
      3.1004667261413177,
      2.968123135699575,
      3.3681521486221238,
      3.1425221749507446,
      3.2811607521604143,
      3.506840480471857,
      3.3357739174100383,
      2.123442494775946,
      1.4195107225268564,
      0.0,
      3.3952631058594784,
      3.0363271701380934,
      3.2341836021717394,
      3.365493201182363,
      3.206278413788365,
      2.9875907024322763,
      3.3661904913299847,
      3.06062544256358,
      2.5964960712139584,
      2.36660179307217,
      2.1361907104199434,
      3.233004120431416,
      2.6021177662483335,
      3.7391099231662874,
      3.2135992504622415,
      4.168354770487933,
      2.187002092979965,
      3.3357739174100383,
      2.7263621655180574,
      2.1333749088742837,
      6.166145540478542,
      12.99487632335068,
      1.3393227047005765,
      1.78705042964641,
      3.2603719162412417,
      3.503979982110168,
      3.2928422282263057,
      6.489600513516659,
      4.571463665953126,
      9.646708317872903,
      3.7952001043803967
    ],
    [
      4.809122066835968,
      4.664552128738297,
      4.780558479932017,
      4.587249090881857,
      4.551397516294809,
      4.75371016153488,
      4.40364860543966,
      3.6646673049619185,
      4.312435460919844,
      4.868700209619324,
      4.7443483157228075,
      4.565407386471938,
      4.427234243502398,
      4.1577676393403245,
      3.956766167359366,
      4.034523121443027,
      3.8483257662310555,
      3.293013794369585,
      4.796473024398164,
      3.3952631058594784,
      0.0,
      4.700227345905162,
      4.844240002105998,
      5.013124103848646,
      4.618535207276299,
      4.418090081981897,
      4.588388629763667,
      4.306816350803758,
      4.131321740908626,
      4.135592480404507,
      3.8038399836883268,
      4.016017096178859,
      3.6545177286427375,
      4.497706110044366,
      3.9188525094282887,
      5.0989778617162775,
      4.851551414374195,
      3.8483257662310555,
      3.3533372296163013,
      2.193071198377563,
      7.103498909278504,
      13.464196439354826,
      3.494620220470883,
      2.2400198620006173,
      0.1890680443548012,
      6.727519250896892,
      2.3191404031194183,
      9.76890801150642,
      7.728304202165824,
      9.99410644388273,
      3.11098209165234
    ],
    [
      0.10893022750691203,
      0.07004286525305897,
      0.08175991657427314,
      0.20323585861385327,
      0.3081261308743779,
      0.3928174837940989,
      0.3144685389259628,
      2.3268303449571937,
      0.9286490684835843,
      0.1693407447409212,
      0.06414426181561887,
      0.1386267831183889,
      0.7446288797333249,
      0.8060352864505516,
      1.1800330515231647,
      1.3427423148422515,
      1.3570968664460448,
      1.4237885434461934,
      3.0077318160408715,
      3.0363271701380934,
      4.700227345905162,
      0.0,
      0.1979667828164067,
      0.34716959036314843,
      0.32072089759742756,
      0.3386810998303887,
      0.5669619680823865,
      0.5437572621392714,
      0.5777032303970964,
      0.6932893617949164,
      1.006812032803723,
      1.0633241461439744,
      1.0678096191989128,
      1.1599452997309034,
      1.1555670329782435,
      1.2798526726220487,
      1.415273293983712,
      1.3570968664460448,
      1.4438701355418344,
      2.510932008944079,
      9.194769520665288,
      9.964581264215585,
      4.37414097071744,
      4.413786123520083,
      4.682565458712795,
      5.424759719032156,
      5.832951799804615,
      6.034374886377098,
      6.45836237953929,
      6.651867472603715,
      6.512956455272901
    ],
    [
      0.14455340463797395,
      0.26627263321564787,
      0.13721519740265672,
      0.3993412717012901,
      0.3247003755473565,
      0.27393769887132136,
      0.5005760866334007,
      2.321121574707647,
      1.120348791383146,
      0.12331703376596272,
      0.13392594505261368,
      0.2966025326200914,
      0.7077013090994642,
      0.8363360623037648,
      1.199046151964696,
      1.3330847327797675,
      1.3766224458206322,
      1.586680380877199,
      3.182109265641699,
      3.2341836021717394,
      4.844240002105998,
      0.1979667828164067,
      0.0,
      0.16933957575291084,
      0.2888478079446475,
      0.43014935945528987,
      0.5005717804052208,
      0.5931999978566641,
      0.7488846961538665,
      0.8883132126422228,
      1.1947551457597558,
      1.0852106950905385,
      1.1938883659773516,
      1.0843897524566481,
      1.1853688463245124,
      1.1233942901404217,
      1.564925500643168,
      1.3766224458206322,
      1.5472110840470894,
      2.6613434621413328,
      9.391902676151647,
      9.767758121520867,
      4.572080316400976,
      4.604483318870892,
      4.831838008369925,
      5.5804213576249175,
      6.017131442074226,
      6.049807361362008,
      6.606802573369966,
      6.4594627955920245,
      6.701788574525441
    ],
    [
      0.2562134959313912,
      0.408017698656424,
      0.2693978861050611,
      0.5345172405632289,
      0.47985699118770103,
      0.3607740310183802,
      0.6601082701820223,
      2.431320340220695,
      1.2331750931114642,
      0.1979666346758107,
      0.28784676980242097,
      0.4622295619638486,
      0.8172973036106025,
      0.9781491253222258,
      1.3305858703031626,
      1.4471096106557326,
      1.506767211570134,
      1.7552642944920414,
      3.255610628301542,
      3.365493201182363,
      5.013124103848646,
      0.34716959036314843,
      0.16933957575291084,
      0.0,
      0.4301471776519823,
      0.5969412107933573,
      0.6012888321940829,
      0.7471886523407429,
      0.9151288893354284,
      1.0390331111477595,
      1.3537490280333195,
